\begin{table*}[h!]
\begin{center}
\begin{tabular}{| l || c | c | c | c | c | c | c | c | c |}\hline
 & $cc$ & $d$ & $s$ & $\mu_S(p)$ & $\sigma_S(p)$ & $\mu_S(kw)$ & $\sigma_S(kw)$ & $\mu_S(sw)$ & $\sigma_S(sw)$ \\\hline\hline
$cc$ & 106.25  & 17.71  & 11.37  & -15.12  & 13.49  & 36.00  & 39.37  & -2.97  & 9.06 \\\hline
$d$ & 17.71  & 106.25  & 98.61  & 17.51  & 52.88  & 37.77  & 27.28  & 26.42  & 57.08 \\
$s$ & 11.37  & 98.61  & 106.25  & 10.48  & 41.33  & 18.05  & 10.57  & 7.80  & 34.12 \\
$\mu_S(p)$ & -15.12  & 17.51  & 10.48  & 106.25  & 78.37  & 67.03  & 50.90  & 69.69  & 38.55 \\
$\sigma_S(p)$ & 13.49  & 52.88  & 41.33  & 78.37  & 106.25  & 82.07  & 70.46  & 54.27  & 57.38 \\
$\mu_S(kw)$ & 36.00  & 37.77  & 18.05  & 67.03  & 82.07  & 106.25  & 96.96  & 63.77  & 66.71 \\
$\sigma_S(kw)$ & 39.37  & 27.28  & 10.57  & 50.90  & 70.46  & 96.96  & 106.25  & 36.31  & 47.50 \\
$\mu_S(sw)$ & -2.97  & 26.42  & 7.80  & 69.69  & 54.27  & 63.77  & 36.31  & 106.25  & 76.14 \\
$\sigma_S(sw)$ & 9.06  & 57.08  & 34.12  & 38.55  & 57.38  & 66.71  & 47.50  & 76.14  & 106.25 \\
\end{tabular}
\caption{Correlation of textual and topological metrics.}
\end{center}
\end{table*}